75,57
123,155
6,129
98,119
86,159
90,160
55,155
71,163
152,140
115,52
7,62
165,21
72,104
49,116
76,103
92,93
32,64
86,139
110,89
166,127
33,64
60,78
82,64
98,51
3,136
33,96
126,107
65,31
165,107
14,134
141,51
151,167
26,97
100,56
86,138
66,12
7,68
28,127
90,99
125,101
87,13
76,10
168,68
30,84
130,93
7,138
58,142
26,167
3,128
54,96
121,93
49,160
87,40
7,124
166,158
41,56
11,157
39,77
90,4
92,102
148,135
30,144
165,50
145,107
115,112
54,43
75,94
86,42
23,78
71,156
90,96
70,50
38,111
125,93
166,10
85,102
14,84
114,4
82,24
60,137
121,159
44,116
169,170
7,139
18,62
74,94
17,134
37,40
1,131
126,27
165,167
92,159
41,77
22,162
82,40
141,127
90,89
121,111
151,46
151,68
6,5
141,146
41,137
113,36
123,96
132,138
110,136
15,96
20,36
109,16
63,94
58,143
60,16
100,51
74,12
113,131
122,43
114,116
75,102
54,159
9,31
28,21
39,78
38,135
83,128
82,139
60,146
115,157
113,111
81,46
169,50
165,116
113,104
147,94
168,133
72,5
95,84
75,93
72,94
85,16
6,12
148,29
63,2
130,12
1,124
92,52
19,10
19,158
130,59
165,43
161,84
82,68
123,51
113,8
168,57
165,96
75,155
132,59
168,2
113,99
88,156
70,137
126,133
23,136
141,31
83,124
141,101
14,73
126,61
26,73
95,13
30,24
14,56
141,156
58,62
130,106
126,77
164,27
66,24
72,93
72,91
169,101
54,131
86,67
152,146
147,157
25,36
41,155
65,84
130,136
49,131
83,119
37,116
152,163
49,36
141,84
39,136
120,131
130,27
80,46
38,155
33,139
126,91
148,142
53,12
148,155
60,8
28,43
88,124
19,45
100,155
82,93
58,117
149,42
32,29
47,150
168,106
17,117
149,160
11,59
152,10
20,59
120,16
70,144
72,12
22,13
81,50
1,59
33,156
121,12
18,158
86,52
130,101
3,51
149,129
17,59
18,159
23,154
98,24
113,118
33,56
169,102
169,118
53,117
165,102
49,111
47,127
86,40
113,106
18,34
166,4
63,117
20,45
114,111
113,138
166,69
145,56
30,68
32,142
151,104
49,77
86,31
109,29
14,69
70,56
53,107
58,107
147,158
126,157
17,13
66,40
25,46
100,159
18,103
147,91
17,27
114,128
122,135
82,78
65,8
92,61
121,170
22,67
30,73
74,40
33,144
74,103
76,13
169,45
123,68
66,21
81,167
19,138
25,31
63,62
125,97
60,129
85,56
26,93
49,12
58,78
1,21
126,35
44,160
147,104
32,43
81,170
3,45
65,89
109,67
19,61
33,67
98,160
113,77
18,5
120,89
1,36
145,136
92,42
70,94
30,163
92,136
120,2
33,99
15,59
122,4
70,69
75,16
121,77
169,135
6,36
95,45
17,2
100,8
72,42
20,104
55,93
71,84
15,128
81,106
25,127
165,64
15,118
169,2
145,158
152,24
53,127
47,43
47,46
115,59
83,160
82,51
130,105
74,133
113,52
6,43
130,127
86,137
130,16
58,135
145,10
122,117
126,128
168,79
86,51
166,154
30,139
14,13
1,111
168,162
48,52
114,68
54,129
20,139
15,61
145,77
54,10
95,77
15,138
17,167
32,101
11,105
110,103
1,78
54,35
26,119
66,61
109,36
98,50
121,10
169,156
14,107
30,2
168,112
122,153
82,112
26,34
95,136
120,68
3,73
71,79
9,43
123,119
32,133
75,150
120,29
122,162
95,111
86,78
7,102
72,136
123,61
15,101
55,4
28,59
114,93
90,45
113,124
121,103
151,102
75,43
55,8
44,102
80,13
66,146
70,170
63,162
72,35
72,107
141,167
100,45
168,56
85,42
147,136
53,8
120,105
169,158
25,13
121,84
23,64
20,99
72,10
74,124
39,8
152,118
28,119
3,27
90,94
66,51
39,12
100,158
14,101
165,12
23,79
58,162
152,139
149,4
6,159
113,73
141,46
19,93
54,13
6,45
41,143
148,45
86,79
108,154
113,68
71,12
37,59
122,118
148,107
165,138
1,2
115,117
121,34
30,12
82,89
70,36
123,62
123,154
70,13
151,27
6,27
41,69
168,128
53,167
86,68
164,2
71,136
161,52
95,112
149,112
82,154
75,136
1,73
66,118
147,139
14,8
90,93
90,157
72,117
48,143
74,93
114,167
11,158
88,101
3,29
147,137
26,150
85,144
165,157
55,99
125,59
6,46
110,118
41,27
87,16
26,139
169,155
72,119
109,153
168,167
3,105
90,159
108,93
82,116
120,101
23,119
148,69
7,133
122,31
71,139
70,21
86,89
114,101
30,160
20,84
100,84
19,157
115,8
7,154
95,135
49,140
47,69
1,157
120,8
76,138
110,52
98,77
41,57
149,104
82,104
130,142
66,106
41,116
3,138
9,136
121,153
18,51
22,93
88,79
82,45
38,129
110,16
18,68
168,102
87,104
22,124
100,69
63,135
164,73
132,162
23,103
58,137
25,143
44,142
92,134
108,139
80,62
9,94
120,94
23,73
55,156
82,137
98,106
6,84
121,119
113,144
164,167
87,105
95,157
74,42
90,106
165,45
33,29
74,131
132,127
60,67
20,68
14,5
41,51
110,79
80,40
113,139
90,112
132,93
85,117
130,64
75,13
70,140
110,133
17,12
82,4
115,84
152,124
164,59
82,138
3,62
90,21
141,97
165,31
55,136
98,159
60,139
1,156
49,156
109,111
71,78
38,69
82,111
20,8
66,158
161,96
66,43
14,142
23,42
20,91
126,36
71,62
141,143
26,91
38,77
32,128
15,157
38,116
65,105
39,59
149,106
87,94
30,124
6,167
30,134
17,94
95,162
6,78
109,135
1,170
39,167
109,43
1,8
145,78
38,89
130,103
114,136
130,84
92,13
88,27
72,159
123,129
148,46
53,50
37,52
168,24
149,107
63,61
25,137
48,139
145,101
37,97
85,46
3,36
66,155
120,134
86,35
120,12
152,104
148,10
74,35
58,16
81,16
161,93
60,138
80,124
19,128
161,51
60,131
86,56
121,78
125,73
148,156
88,89
18,77
151,67
168,170
38,101
63,34
98,36
9,131
14,45
76,143
25,97
47,29
66,129
95,61
9,139
70,99
66,128
100,135
41,150
152,62
44,8
22,160
126,119
32,131
37,36
15,134
48,99
48,102
32,96
123,135
83,67
108,13
115,77
114,143
109,127
122,131
14,96
28,137
30,101
90,102
38,73
166,34
169,68
6,131
23,101
121,31
108,31
58,59
18,144
88,112
169,21
53,16
22,73
122,97
92,160
75,2
71,50
76,27
87,106
15,29
114,155
53,103
72,36
147,150
123,13
92,94
22,52
1,42
100,143
87,154
108,163
19,104
74,13
7,35
98,163
17,112
120,142
166,73
39,155
145,4
47,31
48,160
26,159
25,102
54,160
168,35
148,134
141,73
86,73
164,127
85,36
145,12
169,129
121,116
125,31
149,97
33,105
63,99
54,162
66,111
18,69
141,91
126,21
22,106
76,64
130,112
47,156
19,136
70,118
166,102
71,167
85,69
148,127
49,153
108,73
88,40
14,133
3,77
161,34
48,153
63,102
74,116
168,10
14,102
151,61
18,24
110,36
85,160
17,139
39,89
152,158
15,42
20,119
168,99
55,40
120,34
72,43
108,34
123,2
88,150
92,116
123,156
37,94
147,134
1,128
74,59
41,5
149,84
151,24
28,124
108,143
53,89
20,155
145,43
63,118
74,73
90,154
66,162
15,69
86,134
147,78
113,150
7,170
165,78
123,46
28,89
126,135
66,154
14,144
23,140
14,40
85,40
125,167
75,157
7,24
81,112
169,29
149,101
14,91
6,105
148,93
75,162
161,163
148,150
47,84
18,91
58,127
71,142
22,94
149,43
86,64
120,61
114,50
115,107
53,137
88,163
109,5
164,103
98,146
108,102
19,150
92,155
66,16
22,68
114,89
90,84
141,59
32,111
39,84
122,69
145,124
9,59
49,10
63,96
165,46
15,127
115,99
19,24
63,67
83,157
169,56
54,68
49,103
164,129
114,154
169,99
20,163
39,16
88,135
60,42
125,29
100,27
20,64
39,102
60,13
151,131
121,27
26,111
39,117
126,162
161,91
39,112
86,153
33,97
85,43
80,146
9,24
145,34
60,112
164,12
141,62
58,24
41,131
47,154
109,105
168,36
74,31
17,10
33,89
108,155
32,68
92,91
110,159
115,21
22,118
100,170
37,34
121,162
169,62
120,135
75,69
123,124
74,160
49,136
109,118
110,43
147,170
110,93
55,144
54,51
9,99
114,119
6,104
75,101
125,117
53,104
25,142
65,50
98,155
80,106
132,159
71,119
17,103
18,154
30,105
11,29
121,2
114,46
109,91
65,144
85,170
149,45
14,118
76,50
90,79
30,157
75,124
164,116
120,77
66,153
85,157
25,138
74,97
161,35
60,163
18,93
98,129
33,21
132,107
161,29
44,117
65,4
53,135
130,131
149,8
30,127
25,40
70,136
74,137
85,139
132,50
100,105
72,146
38,134
33,146
32,21
125,159
151,160
38,118
95,57
80,153
161,57
98,167
60,73
37,45
80,156
19,162
20,51
58,103
149,67
122,133
115,139
85,159
15,67
87,84
147,2
71,40
122,62
151,150
169,96
72,27
23,77
15,131
63,51
148,68
114,34
85,150
123,97
75,143
26,117
88,134
66,107
115,51
90,59
74,84
147,144
18,150
6,138
113,134
149,36
60,154
17,127
9,2
169,46
115,150
25,131
132,42
109,157
100,64
71,101
95,170
95,35
113,24
108,138
161,59
33,163
28,42
87,160
132,142
1,158
75,160
7,118
14,64
60,21
54,107
145,162
30,99
15,45
32,79
6,107
18,73
70,43
19,79
58,134
25,159
75,45
32,106
130,146
25,99
120,163
11,103
60,31
166,134
28,31
151,84
151,137
39,158
9,56
113,112
83,8
49,42
126,42
120,5
63,133
37,42
60,69
41,8
25,111
164,67
166,64
148,167
164,153
115,34
161,133
58,8
147,142
15,112
165,139
168,50
145,89
41,73
161,150
39,128
121,131
49,162
148,129
125,46
85,106
108,68
14,10
81,99
6,69
120,150
70,142
23,107
37,143
48,29
108,106
168,69
115,101
82,84
58,160
54,12
22,129
151,156
47,118
82,157
28,34
90,124
81,67
70,116
14,159
152,137
9,154
66,42
95,8
92,111
1,91
28,101
169,137
33,136
65,160
113,101
75,27
32,99
164,13
98,79
81,21
108,69
22,105
18,131
55,91
121,105
54,138
11,104
151,69
7,163
47,107
165,77
92,101
48,77
161,46
9,101
147,45
32,105
22,16
113,135
82,144
152,35
70,29
121,68
33,16
15,50
110,112
161,101
11,5
74,89
17,137
47,16
32,91
122,10
166,68
17,119
72,62
20,96
130,144
114,12
58,116
48,12
81,89
22,84
1,102
7,129
54,140
63,119
9,163
110,61
48,56
39,91
41,84
48,34
168,156
109,13
15,77
38,146
63,89
48,68
32,112
14,154
87,29
108,150
92,4
49,67
37,104
114,107
53,124
30,91
81,56
20,105
87,119
92,46
11,57
164,134
161,111
44,2
98,105
41,104
53,4
74,101
53,64
47,139
66,116
161,62
75,106
76,156
22,29
92,138
76,159
87,89
126,134
81,43
166,46
126,131
147,162
90,42
26,102
76,116
164,128
82,16
66,159
66,97
48,59
49,13
108,157
166,43
71,157
14,146
113,103
83,5
71,144
47,131
60,40
125,10
161,43
100,107
41,102
169,4
113,162
125,13
9,62
39,111
14,160
169,78
19,91
110,67
83,61
164,143
75,31
100,133
145,69
165,4
161,124
92,59
126,5
33,69
114,29
7,36
28,116
108,62
165,79
166,59
164,140
121,42
11,129
86,69
70,162
39,118
126,170
121,144
166,93
110,162
121,56
9,143
18,40
152,142
83,154
75,117
38,159
145,79
149,102
166,111
100,46
74,163
71,77
114,118
108,107
115,42
166,106
100,12
108,158
53,131
37,77
14,104
110,111
152,160
48,112
6,139
3,103
122,59
113,57
98,62
9,129
113,137
41,89
55,102
164,29
25,146
1,34
164,163
53,140
65,159
100,138
14,106
147,8
6,24
75,79
33,46
82,67
70,160
25,21
38,157
126,99
145,118
47,57
121,139
41,13
18,153
70,167
17,36
145,106
120,10
11,128
147,112
65,97
14,59
92,67
65,142
48,46
115,118
92,154
90,144
44,127
147,106
121,124
81,29
9,78
88,136
121,160
25,118
74,105
113,129
55,162
11,73
120,140
110,91
1,133
74,158
71,104
114,162
75,133
90,129
161,5
141,134
11,62
85,156
82,167
39,157
60,140
25,116
95,158
38,84
95,150
39,21
14,156
121,8
38,46
41,111
37,91
161,16
14,127
75,24
98,21
26,78
126,29
15,4
26,68
147,4
165,101
19,101
108,10
58,57
30,16
23,111
44,84
38,156
76,8
166,133
48,129
121,40
15,91
108,79
145,167
53,27
90,73
148,159
115,67
123,157
71,52
165,162
85,133
3,116
165,13
149,140
39,43
41,162
165,131
83,57
9,133
130,94
55,78
145,134
149,64
148,131
70,134
148,144
109,45
149,159
20,10
141,105
66,137
74,57
3,133
109,24
88,34
114,69
23,89
165,27
121,61
66,104
18,4
109,133
108,36
148,128
125,84
18,118
98,4
17,154
85,64
74,16
11,131
110,105
148,146
161,21
70,67
44,46
33,35
66,102
22,153
166,135
166,138
60,124
65,21
108,50
28,106
114,62
33,31
74,46
19,29
115,96
49,124
30,57
141,36
120,45
145,133
22,140
165,67
9,42
41,112
70,51
33,8
122,67
90,97
66,96
6,13
83,10
44,34
141,119
168,59
147,5
88,2
76,112
92,24
23,57
86,43
15,106
110,24
22,57
15,56
141,69
92,103
28,154
33,51
147,97
132,64
164,42
90,143
30,34
98,154
161,160
82,134
169,150
108,127
80,24
37,111
41,31
141,136
92,10
149,158
20,102
28,2
125,144
165,158
95,134
141,104
151,136
14,103
25,156
7,50
81,27
98,124
113,160
44,159
92,64
83,35
113,170
122,46
165,10
76,162
54,136
168,144
152,103
98,13
20,5
80,64
130,118
30,128
120,104
114,61
70,61
1,134
169,52
114,139
66,31
114,102
74,155
165,159
47,61
47,138
149,35
85,163
82,13
66,78
22,136
109,27
151,2
165,144
53,67
19,73
90,104
60,133
141,29
53,43
38,150
113,93
122,138
82,99
80,154
14,61
145,68
130,156
19,43
37,31
49,144
75,103
58,27
3,111
113,16
7,94
83,170
58,104
82,34
47,56
151,42
165,16
39,143
88,94
72,129
132,68
9,34
110,157
9,144
65,16
66,157
70,107
58,153
169,139
74,142
66,46
98,78
72,106
81,117
83,43
145,27
108,135
20,156
37,102
109,146
87,158
114,64
11,94
100,162
32,150
39,156
90,131
18,56
32,103
32,167
7,73
148,158
100,157
108,131
126,112
121,29
145,103
25,67
71,5
122,77
17,97
130,61
147,143
82,97
18,156
38,93
58,46
152,40
151,170
54,64
33,154
120,67
88,57
28,153
49,45
72,29
152,89
49,59
81,34
26,104
100,117
25,57
37,16
58,129
14,112
48,104
19,84
145,97
60,118
126,31
23,59
82,73
19,153
38,91
1,159
169,106
164,131
161,8
71,64
169,157
25,16
100,101
152,117
123,57
15,144
30,46
19,129
48,62
87,12
121,107
110,96
66,167
83,167
123,143
115,136
120,133
47,160
76,157
44,27
53,94
14,89
33,127
17,136
114,43
147,140
113,34
88,158
66,35
23,67
86,154
151,107
48,67
122,91
66,8
100,79
49,51
122,127
120,116
145,102
86,162
65,2
166,42
23,112
114,163
66,10
28,16
141,13
98,57
47,35
76,104
6,73
37,8
147,13
3,101
126,94
22,103
17,52
17,133
44,21
82,77
6,97
149,131
85,67
87,137
92,51
19,146
168,139
168,93
65,51
76,67
44,42
98,56
151,146
17,105
18,36
23,8
71,124
113,159
6,21
58,77
15,153
30,104
14,119
86,118
22,24
123,134
95,138
95,62
169,133
98,104
25,78
33,61
109,101
148,139
44,136
26,153
132,124
164,158
33,103
86,157
74,162
72,144
83,142
115,163
70,34
9,21
15,163
164,36
72,128
90,117
121,135
149,127
75,29
145,150
113,2
120,99
33,116
47,10
123,133
98,153
65,34
38,106
33,133
70,96
39,46
23,135
113,62
165,51
123,101
22,50
109,129
130,128
165,170
30,103
38,24
47,91
169,10
14,158
71,150
90,107
121,91
148,8
90,64
6,34
126,62
169,89
54,94
41,99
85,57
26,5
85,111
44,103
53,128
86,13
37,150
71,158
30,111
166,97
41,94
92,31
82,31
120,46
75,134
109,103
98,156
63,45
19,117
38,31
9,150
122,79
113,96
122,116
14,99
26,128
120,102
122,102
88,16
23,50
132,156
44,96
63,105
165,127
49,106
165,52
130,107
44,67
95,128
66,62
72,102
14,35
32,104
55,29
115,134
33,101
60,136
109,59
86,135
47,134
9,107
22,36
6,162
39,133
168,154
125,4
11,111
30,102
33,62
168,64
82,27
122,12
74,135
25,89
37,138
37,137
38,153
9,153
74,43
32,144
165,94
169,167
37,105
165,153
22,116
49,118
125,118
26,43
92,142
11,36
82,91
141,116
39,73
22,163
100,163
41,36
76,94
88,50
55,105
66,73
168,134
74,62
114,158
115,170
100,167
26,94
58,10
165,84
148,67
75,144
122,89
114,133
86,127
15,105
48,116
145,73
145,16
66,13
58,156
71,42
165,8
6,61
18,136
148,56
168,155
60,96
17,158
75,73
161,89
18,143
120,21
47,158
7,146
28,61
18,142
132,79
166,160
54,106
23,35
47,163
115,156
115,158
166,62
125,96
145,94
54,128
123,50
114,138
85,5
71,31
108,118
130,57
71,27
114,45
11,68
120,79
100,2
49,104
164,31
15,84
9,117
83,34
20,154
49,56
44,146
100,73
151,116
115,119
53,61
126,104
92,156
41,96
151,142
1,12
7,51
18,116
114,99
17,142
33,13
148,153
165,124
90,135
109,102
74,154
22,137
100,96
22,8
123,10
82,69
95,34
115,62
132,91
19,31
114,135
147,57
113,31
48,170
145,137
1,119
147,89
47,117
53,31
168,157
165,89
109,170
149,94
11,101
90,156
85,124
41,106
95,155
168,94
113,117
6,101
164,56
80,142
41,154
76,45
169,144
30,31
23,62
41,134
108,117
74,170
92,57
23,61
37,162
9,157
32,139
100,77
92,56
47,36
132,29
60,68
108,167
33,77
88,24
22,45
115,45
164,162
41,167
87,24
130,162
28,139
165,117
166,156
109,8
120,56
168,51
44,57
110,150
25,91
44,162
6,116
122,2
108,57
54,50
126,136
141,96
80,143
23,91
28,77
30,146
44,118
41,93
148,138
53,155
38,34
44,61
26,112
113,45
33,112
7,155
85,146
164,99
14,136
38,10
110,46
48,91
149,79
28,24
19,135
72,77
47,52
108,99
33,160
26,69
38,158
65,13
3,104
126,163
165,103
60,105
98,12
28,155
86,2
14,51
85,10
18,127
75,5
47,102
47,101
141,138
66,45
9,134
80,127
30,78
55,104
30,162
33,34
166,91
33,2
151,124
121,133
37,146
60,77
37,142
7,96
58,106
113,105
19,4
123,42
88,127
88,131
82,62
87,36
90,29
149,155
38,59
20,4
38,43
86,8
123,52
39,160
92,12
58,154
66,133
71,170
9,116
3,102
6,118
60,162
18,29
18,106
152,162
123,103
109,144
15,13
30,107
18,167
100,42
151,112
54,31
82,2
151,97
145,99
113,79
3,35
110,12
145,96
63,134
37,127
114,31
110,102
28,134
108,133
20,107
70,138
76,62
90,46
81,153
70,2
161,4
9,13
15,5
26,59
28,159
76,139
86,101
19,64
165,154
44,134
20,34
41,146
14,12
145,163
165,29
17,93
60,157
58,79
123,94
92,124
63,21
98,138
41,64
48,94
3,43
26,52
123,102
98,112
110,146
44,112
30,5
71,67
25,69
114,59
123,146
26,140
41,107
76,154
53,36
98,127
108,91
28,29
66,77
54,61
166,117
80,140
6,102
113,46
3,160
11,31
164,170
15,40
165,62
33,36
141,103
122,156
7,104
71,8
48,124
48,159
3,124
1,167
164,144
66,67
7,21
71,105
7,67
25,160
63,112
7,144
32,107
125,8
47,133
75,12
17,99
76,68
149,21
86,155
70,158
166,79
18,89
53,157
71,162
125,50
148,16
83,2
100,153
63,136
15,142
17,162
70,5
71,91
11,107
122,93
33,143
152,45
80,94
39,134
88,31
33,45
28,64
72,13
98,117
47,105
74,136
86,111
164,104
47,112
83,137
20,24
7,27
65,128
122,13
145,153
20,46
76,2
20,61
149,16
3,162
145,155
32,157
132,12
32,77
141,150
17,42
148,21
109,156
58,56
63,59
14,111
9,112
15,116
95,96
169,162
41,45
26,56
44,124
121,62
83,51
161,42
149,69
38,52
98,59
86,163
120,50
147,21
18,170
132,153
49,64
148,154
25,158
15,129
169,42
53,158
123,8
55,154
60,142
44,62
120,69
86,117
54,21
26,142
109,155
70,46
30,94
38,162
58,105
120,167
81,156
80,4
110,117
7,57
83,62
72,112
114,21
60,61
47,24
48,134
38,107
148,42
17,73
98,99
22,56
90,51
145,8
115,4
113,153
88,67
147,29
32,89
65,134
166,137
161,79
65,67
17,5
18,163
130,2
26,45
60,35
98,107
74,5
169,138
90,8
151,13
90,24
3,12
165,134
6,124
75,68
100,137
95,16
76,129
30,43
72,57
37,27
38,62
100,129
28,103
15,160
17,34
19,107
28,167
109,57
75,62
125,27
47,99
130,8
47,68
47,45
92,96
152,134
109,99
100,119
145,52
114,106
161,78
23,10
86,93
122,35
17,155
149,138
83,27
122,146
166,140
88,105
120,162
30,119
86,102
125,136
37,84
81,131
115,97
74,134
149,133
122,104
30,61
71,138
100,52
47,94
1,93
130,46
125,78
100,131
147,167
114,105
70,135
82,150
60,84
110,57
26,124
70,103
149,137
17,69
82,43
149,153
95,78
100,31
30,106
98,45
130,24
126,84
3,52
20,137
28,163
121,140
123,93
149,146
80,117
39,13
47,42
14,24
98,134
74,36
54,118
53,97
72,50
11,135
6,154
114,157
44,12
149,77
164,93
26,16
25,61
19,77
125,69
33,155
126,137
15,139
15,137
49,129
32,13
125,153
147,84
95,93
6,156
48,142
71,118
28,4
23,104
169,128
130,159
125,131
125,35
83,84
95,140
33,12
18,138
26,137
147,79
165,69
90,136
121,35
130,40
145,143
33,40
130,78
15,159
49,112
122,160
100,94
74,128
166,99
113,116
15,8
26,42
169,69
164,50
113,42
92,8
168,117
121,50
168,8
90,127
83,136
63,36
126,143
75,61
48,35
81,124
41,136
28,158
86,150
108,4
53,5
88,128
76,146
130,68
148,79
123,4
130,21
70,102
164,155
49,43
148,99
83,36
82,94
22,146
48,57
30,52
130,129
110,138
152,2
47,155
49,105
71,24
72,69
32,5
121,51
113,94
165,91
85,143
145,67
152,97
26,155
6,51
58,89
76,118
6,163
125,79
55,64
28,57
54,45
20,73
72,4
72,153
44,158
7,8
98,52
122,99
65,116
120,27
120,93
20,27
81,118
88,119
28,96
41,117
23,150
6,91
3,16
70,73
15,111
80,133
26,160
38,40
81,104
19,46
60,2
53,78
71,102
92,117
95,5
80,97
141,67
33,52
168,137
152,50
147,155
20,158
58,124
20,142
74,45
81,5
88,29
85,35
83,4
126,59
114,159
71,153
100,99
11,162
148,143
109,61
164,79
11,106
132,21
53,34
76,133
19,143
85,13
108,2
49,143
85,128
83,140
109,124
95,42
164,52
26,62
169,51
20,12
151,99
169,163
70,35
125,56
1,160
82,133
85,24
148,103
48,150
114,96
121,101
3,24
110,35
145,40
110,101
110,4
81,40
18,94
114,56
85,101
120,137
32,45
54,157
65,150
19,57
82,107
6,144
126,4
130,154
1,27
9,73
65,29
122,84
108,170
72,99
92,139
37,159
80,43
161,61
49,8
37,160
48,79
41,52
92,16
49,52
41,4
169,105
109,64
18,64
14,16
126,140
44,4
166,104
110,97
7,156
38,29
20,69
87,157
81,154
9,64
70,45
125,68
141,139
115,140
88,159
37,136
55,137
19,35
90,10
109,94
14,131
32,163
83,131
47,144
130,67
33,59
33,104
48,27
148,13
83,111
123,118
125,146
38,12
80,8
108,67
168,136
108,43
17,106
80,107
1,67
20,29
32,36
74,159
109,140
33,117
15,155
85,68
22,128
145,131
49,91
14,68
169,5
41,61
23,21
11,50
108,12
19,142
9,158
130,79
3,91
141,142
114,8
100,116
87,111
76,24
30,170
19,170
147,154
26,8
74,2
76,61
169,31
168,143
110,143
25,105
151,5
18,119
83,78
54,8
114,35
85,162
164,118
72,138
88,144
147,43
130,43
169,136
20,160
54,102
121,129
82,128
22,97
15,89
166,96
55,143
44,79
126,13
147,73
92,78
22,150
166,150
23,163
25,62
74,50
65,93
126,124
54,67
120,96
110,62
110,34
126,150
26,35
86,99
48,131
60,51
39,139
166,52
38,137
152,159
100,136
114,91
58,128
169,134
54,116
141,107
152,154
95,127
130,137
28,67
14,162
86,91
125,16
55,73
14,94
7,5
168,45
74,68
44,131
90,31
41,34
11,143
152,42
120,146
110,156
66,103
100,156
14,116
23,43
9,27
74,167
81,35
86,57
38,117
23,105
76,89
76,105
88,52
55,129
168,159
95,153
161,143
71,57
26,170
126,40
98,34
76,42
49,119
132,101
166,40
108,52
66,127
147,46
60,52
32,16
32,117
123,139
164,97
98,170
7,160
98,128
141,10
164,156
6,2
20,97
37,69
70,64
33,107
148,36
9,35
58,5
86,62
26,129
26,138
166,21
18,112
152,93
33,124
92,77
53,111
26,84
11,154
100,24
161,162
76,124
132,31
17,84
72,68
161,27
92,107
33,68
17,135
130,34
121,45
87,156
41,153
71,73
121,112
23,158
100,61
141,170
70,4
86,104
63,153
15,46
95,124
166,119
22,117
17,153
82,129
147,128
80,31
98,157
148,104
41,157
17,35
15,34
37,167
151,40
71,155
88,64
169,154
66,156
20,40
164,150
88,73
147,16
39,34
164,94
110,131
54,40
87,2
6,146
80,79
145,64
168,46
47,97
166,77
149,89
33,84
168,21
123,106
125,12
151,51
80,16
17,146
123,21
25,124
152,84
15,156
122,42
86,142
148,43
33,131
19,105
113,35
168,31
168,5
48,4
149,56
26,46
151,34
22,170
141,153
165,142
65,170
126,129
17,157
44,154
55,89
85,62
71,159
60,106
92,112
166,129
25,107
11,170
80,89
53,40
126,64
90,61
74,139
164,16
169,24
161,134
7,106
55,67
149,157
141,64
126,24
15,21
58,4
6,35
47,106
19,144
145,111
26,24
25,136
20,103
1,50
53,2
47,93
114,2
30,59
41,129
18,155
95,4
152,73
44,45
88,13
147,77
47,21
161,67
3,107
161,99
44,59
147,52
58,133
41,29
17,46
1,45
151,117
164,111
166,51
30,138
152,64
74,96
6,153
25,103
17,78
169,143
39,140
33,159
55,153
22,43
90,5
123,40
22,131
3,154
83,138
88,153
15,35
108,24
166,155
81,142
141,155
109,97
18,137
9,106
82,160
121,24
148,94
25,162
7,64
92,162
82,102
66,134
7,46
30,21
92,29
25,170
85,31
38,139
65,107
161,56
54,97
55,57
109,21
9,84
169,36
125,127
37,135
70,105
132,129
121,146
17,170
22,154
6,31
126,154
98,16
151,163
115,5
25,4
71,10
165,128
80,77
15,64
18,111
47,103
17,91
7,99
161,137
80,118
120,143
15,62
3,56
30,8
44,135
44,105
72,150
72,21
25,29
147,40
28,50
161,153
81,68
32,69
66,52
120,159
22,107
6,16
30,156
48,10
165,106
38,5
60,12
49,157
87,56
98,133
14,138
164,105
98,91
9,52
32,8
25,135
164,62
1,29
166,84
66,59
25,155
148,51
85,158
6,52
166,139
76,29
98,94
54,91
115,103
49,73
18,12
169,67
108,59
147,10
28,94
37,155
37,99
82,159
90,105
49,134
95,105
126,43
1,79
95,143
26,79
149,78
121,150
130,99
54,77
82,163
49,163
86,59
126,46
132,40
100,29
76,97
88,117
58,159
113,69
55,27
17,40
132,140
49,96
63,128
9,137
164,159
130,56
53,156
87,77
44,78
26,144
145,139
122,155
66,139
22,77
114,42
1,107
168,119
151,103
126,127
18,105
66,56
161,36
60,155
109,35
49,27
85,12
81,119
151,129
151,10
98,68
141,12
85,4
7,112
3,139
114,146
30,27
37,50
80,52
25,101
165,93
130,160
38,103
55,107
15,51
58,111
120,127
132,51
25,117
152,4
3,119
151,77
82,105
14,46
113,13
18,10
76,150
122,167
121,127
92,27
14,155
25,134
114,131
83,159
58,51
60,160
25,59
26,10
9,156
76,163
19,5
17,163
22,135
1,5
30,62
168,97
74,117
125,162
82,127
70,111
108,162
6,134
30,45
123,105
23,131
126,51
48,146
18,31
6,96
58,136
98,103
41,16
1,57
145,154
122,140
41,21
74,118
90,163
85,137
60,159
17,160
7,116
123,127
48,119
86,112
98,102
9,40
63,163
60,170
75,112
95,156
92,40
6,68
145,104
164,45
55,24
114,153
66,170
148,52
22,156
120,42
41,138
141,35
95,160
55,51
30,137
141,89
49,158
121,158
125,160
115,105
81,157
121,64
86,160
41,119
22,31
58,131
75,96
132,143
80,34
109,68
70,79
72,167
82,79
49,128
121,4
90,36
14,139
65,129
9,124
48,154
123,167
48,42
109,93
165,42
74,127
110,56
75,89
164,21
147,50
115,43
164,24
32,138
81,103
82,106
100,91
48,36
109,163
66,2
49,21
98,35
168,138
132,67
113,127
15,10
164,135
6,117
32,34
147,34
28,105
66,29
26,2
92,21
70,24
53,162
76,137
83,135
20,94
23,68
30,56
147,131
130,138
90,118
152,94
48,45
168,62
165,61
148,133
87,131
71,106
3,21
165,34
11,163
126,78
25,84
109,134
32,170
66,91
109,159
6,59
26,158
48,16
15,102
86,4
165,135
85,167
14,150
88,106
18,52
108,16
33,73
165,57
120,124
63,159
113,133
83,134
49,16
66,64
98,42
130,51
76,4
123,117
108,111
86,97
149,34
147,160
7,2
100,43
152,31
1,112
75,42
20,146
88,116
49,4
55,69
48,138
48,107
130,29
169,79
151,140
90,142
37,89
126,34
20,57
37,5
70,57
125,170
22,5
38,133
37,57
149,170
38,21
114,79
100,160
110,77
76,59
165,163
75,131
49,79
74,77
120,57
75,40
115,69
11,134
33,79
161,45
123,78
81,135
86,107
25,50
121,138
161,105
25,77
82,119
164,91
30,29
47,128
17,96
147,56
9,103
6,67
60,143
32,4
120,107
18,162
86,10
109,96
130,167
168,61
165,24
22,139
168,104
63,140
44,153
147,103
70,42
87,146
90,158
161,135
109,51
151,155
125,156
110,68
121,21
19,154
19,62
86,45
53,146
75,36
28,117
55,13
148,96
66,150
130,69
32,24
60,43
121,73
1,61
39,29
72,73
26,21
113,154
15,117
121,155
161,129
122,21
15,2
87,21
55,118
80,105
49,78
17,107
115,133
98,101
63,97
58,35
130,97
23,124
65,101
17,143
122,52
14,77
15,93
20,170
148,157
85,27
7,31
65,64
113,157
65,36
26,106
26,157
63,107
149,50
7,4
1,97
23,97
120,160
82,131
166,67
120,170
90,140
120,64
88,43
66,143
115,10
74,56
23,5
15,119
100,111
161,50
39,105
152,136
86,61
6,29
87,34
152,78
82,158
17,156
123,160
149,13
7,78
11,61
22,59
11,2
65,99
151,157
75,78
115,91
66,119
145,157
109,117
22,34
145,160
149,116
114,104
152,138
38,64
81,101
54,101
17,67
161,128
121,52
152,69
55,68
161,2
82,12
145,127
11,10
126,50
151,45
125,62
60,62
100,146
126,156
14,62
22,46
63,68
32,146
15,103
110,167
86,170
63,69
76,31
53,73
80,56
81,61
18,139
49,57
60,79
72,2
132,2
28,146
9,135
151,143
115,155
15,133
53,159
28,133
19,34
74,157
110,137
95,59
132,118
72,135
114,40
33,94
14,105
161,77
41,46
76,56
92,45
108,160
115,137
23,12
28,118
108,51
83,112
90,40
147,99
39,36
15,36
164,146
95,21
74,64
6,79
3,10
22,119
88,62
23,2
145,35
3,50
115,167
164,137
98,158
121,89
81,150
63,143
151,106
108,136
22,143
39,96
75,52
55,117
125,40
81,51
149,5
141,57
110,69
151,101
85,79
95,133
66,117
23,155
86,27
44,137
9,91
166,61
83,101
44,129
47,143
22,159
109,73
18,134
20,77
14,78
110,5
130,119
141,16
148,31
33,158
71,97
80,67
32,124
26,67
20,2
121,143
85,52
123,136
123,163
70,124
149,128
39,2
132,135
95,116
55,106
25,133
15,154
95,117
145,146
28,40
70,10
53,118
3,64
23,157
80,144
1,144
33,93
19,16
30,97
87,138
120,51
66,89
23,99
161,103
44,155
109,131
20,128
109,104
161,117
15,140
30,116
11,69
130,73
151,89
152,133
18,21
76,46
37,79
100,59
113,143
120,24
48,13
132,94
122,157
168,12
18,27
81,62
65,104
80,135
30,118
44,99
115,124
81,10
3,155
41,35
54,103
70,129
88,118
123,43
25,45
47,96
38,2
114,10
17,43
15,104
65,157
58,163
28,150
63,158
54,154
11,42
1,117
86,21
148,97
108,104
72,24
11,137
126,93
80,45
161,107
113,119
14,21
147,129
60,50
87,135
120,91
53,105
76,153
83,127
63,56
110,134
39,103
122,154
145,62
165,143
53,170
14,79
19,59
15,78
122,50
115,24
28,68
164,35
108,137
14,117
65,102
114,51
85,2
53,84
164,68
15,170
149,24
53,142
19,133
18,50
98,140
11,146
82,29
121,156
81,78
14,140
22,104
108,40
47,4
65,117
19,68
81,163
120,138
115,102
32,140
110,153
23,45
74,21
22,144
86,131
76,57
3,99
161,158
48,137
26,13
70,159
76,106
113,59
166,159
25,140
55,10
98,73
63,29
41,156
80,78
95,129
75,140
165,40
74,104
87,61
65,42
55,157
83,129
92,150
11,97
66,136
71,45
65,111
123,56
54,105
1,24
82,21
141,2
25,157
33,167
28,97
54,36
20,50
100,103
18,67
85,84
132,111
14,170
165,99
71,128
169,111
30,155
80,61
98,89
9,61
81,138
92,34
28,78
152,12
39,24
98,135
120,43
169,13
151,79
22,35
28,93
145,29
33,135
147,68
110,40
32,160
82,35
151,56
60,158
20,43
168,34
28,162
100,10
98,96
125,5
71,93
1,84
151,94
88,4
25,8
60,46
122,119
30,131
63,144
168,107
88,111
83,143
66,101
141,42
120,117
7,157
141,68
18,79
37,68
15,162
120,128
22,4
22,78
55,94
75,77
20,144
109,138
126,155
6,40
120,144
41,158
72,61
32,78
32,59
108,84
22,134
86,116
147,159
32,27
166,45
65,139
37,24
20,117
11,112
122,144
169,77
100,62
87,170
80,116
164,57
72,156
11,144
22,157
1,129
33,119
23,142
38,142
26,103
100,106
87,159
152,61
39,51
47,119
100,154
11,93
87,10
122,34
108,27
109,2
25,93
98,136
33,91
7,134
121,57
132,170
86,16
17,129
33,138
60,89
48,43
115,12
7,111
7,143
39,4
49,84
114,160
147,59
109,50
166,146
47,77
70,163
48,167
39,61
152,156
126,57
53,91
126,97
80,50
17,79
26,156
25,42
32,119
120,78
70,62
54,144
114,170
17,50
121,96
37,153
9,89
145,119
14,135
132,157
48,64
145,170
22,12
66,69
3,68
75,167
25,12
165,140
7,103
30,40
39,45
82,59
7,29
80,158
120,106
76,135
23,144
19,13
37,56
19,56
75,84
108,96
83,139
19,12
81,107
149,68
90,146
28,8
26,64
166,153
20,52
28,62
88,78
20,93
66,131
60,5
164,40
6,112
70,128
86,96
53,21
125,142
161,12
165,35
114,77
15,16
44,150
90,170
18,16
71,107
109,56
168,29
18,102
87,52
86,5
121,167
14,31
165,56
60,10
66,84
165,150
122,16
161,139
33,150
30,133
126,96
6,56
75,107
80,101
145,135
126,10
44,52
88,84
76,167
95,106
6,50
141,102
54,158
120,52
100,142
26,136
3,57
75,116
75,59
54,84
54,78
71,111
1,103
149,91
95,51
148,35
76,128
38,35
55,36
126,117
7,84
58,2
25,52
110,142
18,78
20,56
82,10
72,163
47,111
6,111
81,155
121,136
23,137
121,99
75,64
148,163
39,69
148,73
14,57
141,106
123,45
28,160
166,101
71,134
148,77
130,104
20,167
14,43
95,91
74,138
123,116
83,52
23,93
145,142
164,69
147,118
41,68
25,153
85,116
65,131
122,94
28,52
113,12
20,162
48,89
60,64
122,24
169,153
126,2
149,27
165,111
152,57
32,67
75,127
132,106
85,138
110,21
161,24
32,97
65,5
115,46
1,77
33,10
120,156
90,101
92,129
141,118
80,73
125,67
109,40
72,79
49,137
109,89
110,170
74,52
148,2
98,131
54,170
71,2
90,62
55,59
90,16
18,42
22,27
33,106
95,67
85,73
164,34
7,142
115,142
23,156
87,79
71,140
88,68
122,137
28,91
48,133
113,163
123,35
149,124
108,94
6,89
88,96
108,29
147,117
161,94
122,136
90,134
166,170
161,40
130,4
86,105
25,73
148,84
30,93
147,153
47,136
18,61
149,117
166,131
108,128
71,89
98,111
32,159
125,135
7,77
149,162
145,129
149,40
28,131
114,124
41,42
60,117
41,2
161,64
22,89
72,157
161,10
30,140
126,153
87,91
39,79
85,94
100,89
165,129
122,40
148,50
1,106
121,5
32,50
17,77
87,102
15,99
122,150
37,13
